# Prometheus output file.
# First row: Orbital phases [1]
# All other rows: Wavelength [cm] (first column), Transit depth R(orbital phase, wavelength) [1] (other columns)
nan 0.000000000000000000e+00
6.999999999999999929e-04 9.801775751520782620e-01
7.010000000000000172e-04 9.803853129207155126e-01
7.020000000000000415e-04 9.802920245981010527e-01
7.030000000000000658e-04 9.803102752634295092e-01
7.040000000000000901e-04 9.803396938088797530e-01
7.050000000000001144e-04 9.802949767966793182e-01
7.060000000000001387e-04 9.803520221535590995e-01
7.070000000000001630e-04 9.803136997354449100e-01
7.080000000000001873e-04 9.803796118098760948e-01
7.090000000000002117e-04 9.803281080186448948e-01
7.100000000000002360e-04 9.803348822398340046e-01
7.110000000000002603e-04 9.803464635782261904e-01
7.120000000000002846e-04 9.802282424605374134e-01
7.130000000000003089e-04 9.803619863766455111e-01
7.140000000000003332e-04 9.803478860720928889e-01
7.150000000000003575e-04 9.803566127472900238e-01
7.160000000000003818e-04 9.803423466473082382e-01
7.170000000000004061e-04 9.803396172392070396e-01
7.180000000000004304e-04 9.803660595594576588e-01
7.190000000000004547e-04 9.803729107230130246e-01
7.200000000000004790e-04 9.802749698032331427e-01
7.210000000000005033e-04 9.803588826768148135e-01
7.220000000000005276e-04 9.800292105086977346e-01
7.230000000000005519e-04 9.801783549854220512e-01
7.240000000000005763e-04 9.803388045241617776e-01
7.250000000000006006e-04 9.803671741407050666e-01
7.260000000000006249e-04 9.801801022238268990e-01
7.270000000000006492e-04 9.803374080346145547e-01
7.280000000000006735e-04 9.803271995986956311e-01
7.290000000000006978e-04 9.803606417524455274e-01
7.300000000000007221e-04 9.803290652316967169e-01
7.310000000000007464e-04 9.803549145009808896e-01
7.320000000000007707e-04 9.803269033937791477e-01
7.330000000000007950e-04 9.803352807348830744e-01
7.340000000000008193e-04 9.803747277252969905e-01
7.350000000000008436e-04 9.803381213842063957e-01
7.360000000000008679e-04 9.802938615535363720e-01
7.370000000000008922e-04 9.803576181989216431e-01
7.380000000000009166e-04 9.803848307879057256e-01
7.390000000000009409e-04 9.803705854871610503e-01
7.400000000000009652e-04 9.803728824047303059e-01
7.410000000000009895e-04 9.803772499925252903e-01
7.420000000000010138e-04 9.803604836194024230e-01
7.430000000000010381e-04 9.803821298224876246e-01
7.440000000000010624e-04 9.803873242627273443e-01
7.450000000000010867e-04 9.803872134694894269e-01
7.460000000000011110e-04 9.803702432406169454e-01
7.470000000000011353e-04 9.803877069972913860e-01
7.480000000000011596e-04 9.803937215252273019e-01
7.490000000000011839e-04 9.803917372364493454e-01
7.500000000000012082e-04 9.803942434667335393e-01
7.510000000000012325e-04 9.803930412563202079e-01
7.520000000000012568e-04 9.803908419630088522e-01
7.530000000000012812e-04 9.803924297869246463e-01
7.540000000000013055e-04 9.803929756774134585e-01
7.550000000000013298e-04 9.803912750288833466e-01
7.560000000000013541e-04 9.803935068536719921e-01
7.570000000000013784e-04 9.803968329111830693e-01
7.580000000000014027e-04 9.803965863177117601e-01
7.590000000000014270e-04 9.803969171376667457e-01
7.600000000000014513e-04 9.803970313148333560e-01
7.610000000000014756e-04 9.803971754917937265e-01
7.620000000000014999e-04 9.803981994146669932e-01
7.630000000000015242e-04 9.803980294945797702e-01
7.640000000000015485e-04 9.803985537014358043e-01
7.650000000000015728e-04 9.803980921561691320e-01
7.660000000000015971e-04 9.803987328276452251e-01
7.670000000000016215e-04 9.803989016011098734e-01
7.680000000000016458e-04 9.803989271291897456e-01
7.690000000000016701e-04 9.803990701855312961e-01
7.700000000000016944e-04 9.803989410211885192e-01
7.710000000000017187e-04 9.803991498657247394e-01
7.720000000000017430e-04 9.803993234106110899e-01
7.730000000000017673e-04 9.803992067285359768e-01
7.740000000000017916e-04 9.803993659466747612e-01
7.750000000000018159e-04 9.803991517633223740e-01
7.760000000000018402e-04 9.803993543785034515e-01
7.770000000000018645e-04 9.803991430928202799e-01
7.780000000000018888e-04 9.803981567616421033e-01
7.790000000000019131e-04 9.803967476662793779e-01
7.800000000000019374e-04 9.803971357856321456e-01
7.810000000000019618e-04 9.803983222244274653e-01
7.820000000000019861e-04 9.803980727049323995e-01
7.830000000000020104e-04 9.803988642854236657e-01
7.840000000000020347e-04 9.803993070545160560e-01
7.850000000000020590e-04 9.803995901724685824e-01
7.860000000000020833e-04 9.803989744552075170e-01
7.870000000000021076e-04 9.803989014757166220e-01
7.880000000000021319e-04 9.803987787896480954e-01
7.890000000000021562e-04 9.803993584023128482e-01
7.900000000000021805e-04 9.803995126660655091e-01
7.910000000000022048e-04 9.803994507224427224e-01
7.920000000000022291e-04 9.803996435314725755e-01
7.930000000000022534e-04 9.803997443566747627e-01
7.940000000000022777e-04 9.803986169755851687e-01
7.950000000000023020e-04 9.803996459604672475e-01
7.960000000000023264e-04 9.803997204870564808e-01
7.970000000000023507e-04 9.803994089783052424e-01
7.980000000000023750e-04 9.803987500120421306e-01
7.990000000000023993e-04 9.803996747295349312e-01
8.000000000000024236e-04 9.803996591832859764e-01
8.010000000000024479e-04 9.803996042438808400e-01
8.020000000000024722e-04 9.803997191862966476e-01
8.030000000000024965e-04 9.803997456557902446e-01
8.040000000000025208e-04 9.803998226835249907e-01
8.050000000000025451e-04 9.803996053112558062e-01
8.060000000000025694e-04 9.803994745311569448e-01
8.070000000000025937e-04 9.803997255793984733e-01
8.080000000000026180e-04 9.803992386418400873e-01
8.090000000000026423e-04 9.803998569304736010e-01
8.100000000000026667e-04 9.803996782757081752e-01
8.110000000000026910e-04 9.803999315512182955e-01
8.120000000000027153e-04 9.803997844601138878e-01
8.130000000000027396e-04 9.803997426262606174e-01
8.140000000000027639e-04 9.803998183873787742e-01
8.150000000000027882e-04 9.803997848851274677e-01
8.160000000000028125e-04 9.803998886709723859e-01
8.170000000000028368e-04 9.803998448076783889e-01
8.180000000000028611e-04 9.803998924181041019e-01
8.190000000000028854e-04 9.803999184664882183e-01
8.200000000000029097e-04 9.803999286450197914e-01
8.210000000000029340e-04 9.803999528335243241e-01
8.220000000000029583e-04 9.803999147278000814e-01
8.230000000000029826e-04 9.803999480272111988e-01
8.240000000000030069e-04 9.803999387773139063e-01
8.250000000000030313e-04 9.803999471769974106e-01
8.260000000000030556e-04 9.803999692855124293e-01
8.270000000000030799e-04 9.803999774160598868e-01
8.280000000000031042e-04 9.803999761730858298e-01
8.290000000000031285e-04 9.803999780891335947e-01
8.300000000000031528e-04 9.803999555537266097e-01
8.310000000000031771e-04 9.803999695122204150e-01
8.320000000000032014e-04 9.803999835871785029e-01
8.330000000000032257e-04 9.803999800224965089e-01
8.340000000000032500e-04 9.803999807577804537e-01
8.350000000000032743e-04 9.803999851904171559e-01
8.360000000000032986e-04 9.803999907884951570e-01
8.370000000000033229e-04 9.803999918536216995e-01
8.380000000000033472e-04 9.803999956881973565e-01
8.390000000000033716e-04 9.803999961723040002e-01
8.400000000000033959e-04 9.803999959798452846e-01
8.410000000000034202e-04 9.803999959785608675e-01
8.420000000000034445e-04 9.803999972588486322e-01
8.430000000000034688e-04 9.803999972899816173e-01
8.440000000000034931e-04 9.803999980891420218e-01
8.450000000000035174e-04 9.803999985134497219e-01
8.460000000000035417e-04 9.803999982873005115e-01
8.470000000000035660e-04 9.803999982389814960e-01
8.480000000000035903e-04 9.803999990939248343e-01
8.490000000000036146e-04 9.803999993508747401e-01
8.500000000000036389e-04 9.803999992425906918e-01
8.510000000000036632e-04 9.803999990361480510e-01
8.520000000000036875e-04 9.803999993748483410e-01
8.530000000000037119e-04 9.803999993140646296e-01
8.540000000000037362e-04 9.803999996796332050e-01
8.550000000000037605e-04 9.803999996217678259e-01
8.560000000000037848e-04 9.803999996798411498e-01
8.570000000000038091e-04 9.803999997185286475e-01
8.580000000000038334e-04 9.803999998314523179e-01
8.590000000000038577e-04 9.803999998474334232e-01
8.600000000000038820e-04 9.803999998501213842e-01
8.610000000000039063e-04 9.803999998957787509e-01
8.620000000000039306e-04 9.803999998970464036e-01
8.630000000000039549e-04 9.803999999301836743e-01
8.640000000000039792e-04 9.803999999335797355e-01
8.650000000000040035e-04 9.803999999434384049e-01
8.660000000000040278e-04 9.803999999640449214e-01
8.670000000000040521e-04 9.803999999574471991e-01
8.680000000000040765e-04 9.803999999691959122e-01
8.690000000000041008e-04 9.803999999644417152e-01
8.700000000000041251e-04 9.803999999675070409e-01
8.710000000000041494e-04 9.803999999758249428e-01
8.720000000000041737e-04 9.803999999709489543e-01
8.730000000000041980e-04 9.803999999781057850e-01
8.740000000000042223e-04 9.803999999880816940e-01
8.750000000000042466e-04 9.803999999793334696e-01
8.760000000000042709e-04 9.803999999817458733e-01
8.770000000000042952e-04 9.803999999684636091e-01
8.780000000000043195e-04 9.803999999748388428e-01
8.790000000000043438e-04 9.803999999858133974e-01
8.800000000000043681e-04 9.803999999844172919e-01
8.810000000000043924e-04 9.803999999900386841e-01
8.820000000000044168e-04 9.803999999882181404e-01
8.830000000000044411e-04 9.803999999823256317e-01
8.840000000000044654e-04 9.803999999805388388e-01
8.850000000000044897e-04 9.803999999568628887e-01
8.860000000000045140e-04 9.803999999893192596e-01
8.870000000000045383e-04 9.803999999813060029e-01
8.880000000000045626e-04 9.803999999761214834e-01
8.890000000000045869e-04 9.803999999826518152e-01
8.900000000000046112e-04 9.803999999768115980e-01
8.910000000000046355e-04 9.803999999632294626e-01
8.920000000000046598e-04 9.803999999817034627e-01
8.930000000000046841e-04 9.803999999816069844e-01
8.940000000000047084e-04 9.803999999858663550e-01
8.950000000000047327e-04 9.803999999726483727e-01
8.960000000000047570e-04 9.803999999857259118e-01
8.970000000000047814e-04 9.803999999788248765e-01
8.980000000000048057e-04 9.803999999901058526e-01
8.990000000000048300e-04 9.803999999824911660e-01
9.000000000000048543e-04 9.803999999896190198e-01
9.010000000000048786e-04 9.803999999876978899e-01
9.020000000000049029e-04 9.803999999878291183e-01
9.030000000000049272e-04 9.803999999858464820e-01
9.040000000000049515e-04 9.803999999773294061e-01
9.050000000000049758e-04 9.803999999785737440e-01
9.060000000000050001e-04 9.803999999900732121e-01
9.070000000000050244e-04 9.803999999712127433e-01
9.080000000000050487e-04 9.803999999779995367e-01
9.090000000000050730e-04 9.803999999917084596e-01
9.100000000000050973e-04 9.803999999897178297e-01
9.110000000000051217e-04 9.803999999873440618e-01
9.120000000000051460e-04 9.803999999859169812e-01
9.130000000000051703e-04 9.803999999605551574e-01
9.140000000000051946e-04 9.803999999911254815e-01
9.150000000000052189e-04 9.803999999829228207e-01
9.160000000000052432e-04 9.803999999861392478e-01
9.170000000000052675e-04 9.803999999844368318e-01
9.180000000000052918e-04 9.803999999846428892e-01
9.190000000000053161e-04 9.803999999943823207e-01
9.200000000000053404e-04 9.803999999874155602e-01
9.210000000000053647e-04 9.803999999901245044e-01
9.220000000000053890e-04 9.803999999875686600e-01
9.230000000000054133e-04 9.803999999804854371e-01
9.240000000000054376e-04 9.803999999887180739e-01
9.250000000000054620e-04 9.803999999892897277e-01
9.260000000000054863e-04 9.803999999882583305e-01
9.270000000000055106e-04 9.803999999923613817e-01
9.280000000000055349e-04 9.803999999879079441e-01
9.290000000000055592e-04 9.803999999873114213e-01
9.300000000000055835e-04 9.803999999898110884e-01
9.310000000000056078e-04 9.803999999893840966e-01
9.320000000000056321e-04 9.803999999926874542e-01
9.330000000000056564e-04 9.803999999839566604e-01
9.340000000000056807e-04 9.803999999949134514e-01
9.350000000000057050e-04 9.803999999838269863e-01
9.360000000000057293e-04 9.803999999897073936e-01
9.370000000000057536e-04 9.803999999873229676e-01
9.380000000000057779e-04 9.803999999874719595e-01
9.390000000000058022e-04 9.803999999683998823e-01
9.400000000000058266e-04 9.803999999931076736e-01
9.410000000000058509e-04 9.803999999896622075e-01
9.420000000000058752e-04 9.803999999777810448e-01
9.430000000000058995e-04 9.803999999913201036e-01
9.440000000000059238e-04 9.803999999848983515e-01
9.450000000000059481e-04 9.803999999839410062e-01
9.460000000000059724e-04 9.803999999900879780e-01
9.470000000000059967e-04 9.803999999942041299e-01
9.480000000000060210e-04 9.803999999926839015e-01
9.490000000000060453e-04 9.803999999889670969e-01
9.500000000000060696e-04 9.803999999939094767e-01
9.510000000000060939e-04 9.803999999731147774e-01
9.520000000000061182e-04 9.803999999827018863e-01
9.530000000000061425e-04 9.803999999584072089e-01
9.540000000000061669e-04 9.803999999874168925e-01
9.550000000000061912e-04 9.803999999719944514e-01
9.560000000000062155e-04 9.803999999768266971e-01
9.570000000000062398e-04 9.803999999787984532e-01
9.580000000000062641e-04 9.803999999917495378e-01
9.590000000000062884e-04 9.803999999309084279e-01
9.600000000000063127e-04 9.803999999849314362e-01
9.610000000000063370e-04 9.803999998848702546e-01
9.620000000000063613e-04 9.803999999908538099e-01
9.630000000000063856e-04 9.803999999848387326e-01
9.640000000000064099e-04 9.803999999860897319e-01
9.650000000000064342e-04 9.803999999295681667e-01
9.660000000000064585e-04 9.803999999337575932e-01
9.670000000000064828e-04 9.803999999633462581e-01
9.680000000000065071e-04 9.803999999295786028e-01
9.690000000000065315e-04 9.803999998986826503e-01
9.700000000000065558e-04 9.803999998822205963e-01
9.710000000000065801e-04 9.803999999540586874e-01
9.720000000000066044e-04 9.803999999570284229e-01
9.730000000000066287e-04 9.803999998237117319e-01
9.740000000000066530e-04 9.803999999808372667e-01
9.750000000000066773e-04 9.803999999706614066e-01
9.760000000000067016e-04 9.803999999781259911e-01
9.770000000000067259e-04 9.803999998299137708e-01
9.780000000000066418e-04 9.803999999279602307e-01
9.790000000000067745e-04 9.803999999402994714e-01
9.800000000000069073e-04 9.803999999818682198e-01
9.810000000000068231e-04 9.803999998612411559e-01
9.820000000000067390e-04 9.803999999016455025e-01
9.830000000000068718e-04 9.803999998467608501e-01
9.840000000000070045e-04 9.803999999316315161e-01
9.850000000000069204e-04 9.803999998447058273e-01
9.860000000000068363e-04 9.803999997641982267e-01
9.870000000000069690e-04 9.803999998927915849e-01
9.880000000000071017e-04 9.803999996455700083e-01
9.890000000000070176e-04 9.803999994432380793e-01
9.900000000000069335e-04 9.803999998171573083e-01
9.910000000000070662e-04 9.803999997479913020e-01
9.920000000000071989e-04 9.803999998738203159e-01
9.930000000000071148e-04 9.803999999037567026e-01
9.940000000000070307e-04 9.803999997641765773e-01
9.950000000000071634e-04 9.803999997745932449e-01
9.960000000000072962e-04 9.803999989036812357e-01
9.970000000000072121e-04 9.803999999300301305e-01
9.980000000000071279e-04 9.803999996185758237e-01
9.990000000000072607e-04 9.803999996804609873e-01
1.000000000000007393e-03 9.803999998050060283e-01
1.001000000000007309e-03 9.803999999271196808e-01
1.002000000000007225e-03 9.803999997153364232e-01
1.003000000000007358e-03 9.803999998985168940e-01
1.004000000000007491e-03 9.803999995930350320e-01
1.005000000000007407e-03 9.803999998084755862e-01
1.006000000000007322e-03 9.803999995715976246e-01
1.007000000000007455e-03 9.803999998375467761e-01
1.008000000000007588e-03 9.803999998701370400e-01
1.009000000000007504e-03 9.803999996829417807e-01
1.010000000000007420e-03 9.803999997454797555e-01
1.011000000000007552e-03 9.803999993112728628e-01
1.012000000000007685e-03 9.803999994362255777e-01
1.013000000000007601e-03 9.803999995738518214e-01
1.014000000000007517e-03 9.803999998774649560e-01
1.015000000000007650e-03 9.803999994566168219e-01
1.016000000000007782e-03 9.803999995955359203e-01
1.017000000000007698e-03 9.803999998504538960e-01
1.018000000000007614e-03 9.803999998815793315e-01
1.019000000000007747e-03 9.803999996709837905e-01
1.020000000000007880e-03 9.803999996271244299e-01
1.021000000000007795e-03 9.803999998426017326e-01
1.022000000000007711e-03 9.803999997031478397e-01
1.023000000000007844e-03 9.803999997323997739e-01
1.024000000000007977e-03 9.803999997324618354e-01
1.025000000000007893e-03 9.803999998648055270e-01
1.026000000000007809e-03 9.803999997602934613e-01
1.027000000000007941e-03 9.803999994163082876e-01
1.028000000000008074e-03 9.803999985235922754e-01
1.029000000000007990e-03 9.803999995269508938e-01
1.030000000000007906e-03 9.803999995320870076e-01
1.031000000000008038e-03 9.803999997073042927e-01
1.032000000000008171e-03 9.803999992448668710e-01
1.033000000000008087e-03 9.803999996599001010e-01
1.034000000000008003e-03 9.803999997122189169e-01
1.035000000000008136e-03 9.803999993328671447e-01
1.036000000000008268e-03 9.803999997675820754e-01
1.037000000000008184e-03 9.803999997658489063e-01
1.038000000000008100e-03 9.803999996951121565e-01
1.039000000000008233e-03 9.803999997972079328e-01
1.040000000000008366e-03 9.803999997684357259e-01
1.041000000000008282e-03 9.803999990545088083e-01
1.042000000000008197e-03 9.803999995559949943e-01
1.043000000000008330e-03 9.803999994282436292e-01
1.044000000000008463e-03 9.803999998031599494e-01
1.045000000000008379e-03 9.803999985547879881e-01
1.046000000000008295e-03 9.803999996548904416e-01
1.047000000000008427e-03 9.803999996440413423e-01
1.048000000000008560e-03 9.803999993334665541e-01
1.049000000000008476e-03 9.803999992583066758e-01
1.050000000000008392e-03 9.803999993612911856e-01
1.051000000000008525e-03 9.803999995715824145e-01
1.052000000000008657e-03 9.803999997260972599e-01
1.053000000000008573e-03 9.803999995445581428e-01
1.054000000000008489e-03 9.803999995163388270e-01
1.055000000000008622e-03 9.803999994910997939e-01
1.056000000000008755e-03 9.803999990873302206e-01
1.057000000000008670e-03 9.803999996298011776e-01
1.058000000000008586e-03 9.803999993453708095e-01
1.059000000000008719e-03 9.803999995731811357e-01
1.060000000000008852e-03 9.803999995966747871e-01
1.061000000000008768e-03 9.803999992225324034e-01
1.062000000000008684e-03 9.803999994142835739e-01
1.063000000000008816e-03 9.803999993997556395e-01
1.064000000000008949e-03 9.803999991607571518e-01
1.065000000000008865e-03 9.803999991300925698e-01
1.066000000000008781e-03 9.803999992840818356e-01
1.067000000000008914e-03 9.803999993011121017e-01
1.068000000000009046e-03 9.803999993753330644e-01
1.069000000000008962e-03 9.803999994253501660e-01
1.070000000000008878e-03 9.803999960498097632e-01
1.071000000000009011e-03 9.803999991330484276e-01
1.072000000000009143e-03 9.803999981486286597e-01
1.073000000000009059e-03 9.803999991038883088e-01
1.074000000000008975e-03 9.803999986594319482e-01
1.075000000000009108e-03 9.803999979138836585e-01
1.076000000000009241e-03 9.803999969225462019e-01
1.077000000000009157e-03 9.803999966599183935e-01
1.078000000000009072e-03 9.803999990615408500e-01
1.079000000000009205e-03 9.803999970123310481e-01
1.080000000000009338e-03 9.803999987778243552e-01
1.081000000000009254e-03 9.803999983205000657e-01
1.082000000000009170e-03 9.803999981501047012e-01
1.083000000000009302e-03 9.803999991633802757e-01
1.084000000000009435e-03 9.803999935312873726e-01
1.085000000000009351e-03 9.803999979426082367e-01
1.086000000000009267e-03 9.803999968111737351e-01
1.087000000000009400e-03 9.803999934870071264e-01
1.088000000000009532e-03 9.803999920591301986e-01
1.089000000000009448e-03 9.803999934189904231e-01
1.090000000000009364e-03 9.803999900287064806e-01
1.091000000000009497e-03 9.803999865256393109e-01
1.092000000000009630e-03 9.803999958433865514e-01
1.093000000000009546e-03 9.803999892054342524e-01
1.094000000000009461e-03 9.803999957216548156e-01
1.095000000000009594e-03 9.803999940418500758e-01
1.096000000000009727e-03 9.803999943404893003e-01
1.097000000000009643e-03 9.803999930853896094e-01
1.098000000000009559e-03 9.803999928757893834e-01
1.099000000000009691e-03 9.803999942430087211e-01
1.100000000000009824e-03 9.803999933687427282e-01
1.101000000000009740e-03 9.803999849429175795e-01
1.102000000000009656e-03 9.803999968827337153e-01
1.103000000000009789e-03 9.803999793055233614e-01
1.104000000000009921e-03 9.803999930849344180e-01
1.105000000000009837e-03 9.803999882057625737e-01
1.106000000000009753e-03 9.803999727159649069e-01
1.107000000000009886e-03 9.803999913571300739e-01
1.108000000000010019e-03 9.803999737141207982e-01
1.109000000000009934e-03 9.803999835966092924e-01
1.110000000000009850e-03 9.803999552671838202e-01
1.111000000000009983e-03 9.803999760722701406e-01
1.112000000000010116e-03 9.803999785861320371e-01
1.113000000000010032e-03 9.803999875649067608e-01
1.114000000000009948e-03 9.803999840334683968e-01
1.115000000000010080e-03 9.803999814065700313e-01
1.116000000000010213e-03 9.803999234244961114e-01
1.117000000000010129e-03 9.803999654731357927e-01
1.118000000000010045e-03 9.803999856985856631e-01
1.119000000000010177e-03 9.803999633603356356e-01
1.120000000000010310e-03 9.803999722471742340e-01
1.121000000000010226e-03 9.803999475998322888e-01
1.122000000000010142e-03 9.803999495576061207e-01
1.123000000000010275e-03 9.803999739846512851e-01
1.124000000000010407e-03 9.803999680336762390e-01
1.125000000000010323e-03 9.803999718253331164e-01
1.126000000000010239e-03 9.803999049012879219e-01
1.127000000000010372e-03 9.803999088473183132e-01
1.128000000000010505e-03 9.803998055843347048e-01
1.129000000000010421e-03 9.803999800931223474e-01
1.130000000000010336e-03 9.803999368323466079e-01
1.131000000000010469e-03 9.803999611373599432e-01
1.132000000000010602e-03 9.803999103597075271e-01
1.133000000000010518e-03 9.803999753478008783e-01
1.134000000000010434e-03 9.803999260314891773e-01
1.135000000000010566e-03 9.803999527891266164e-01
1.136000000000010699e-03 9.803999569034709261e-01
1.137000000000010615e-03 9.803999408151871098e-01
1.138000000000010531e-03 9.803997680295627459e-01
1.139000000000010664e-03 9.803998613858406763e-01
1.140000000000010796e-03 9.803998342493983609e-01
1.141000000000010712e-03 9.803998403771148062e-01
1.142000000000010628e-03 9.803999106326847235e-01
1.143000000000010761e-03 9.803998864490277576e-01
1.144000000000010894e-03 9.803998989508981854e-01
1.145000000000010809e-03 9.803998830911702100e-01
1.146000000000010725e-03 9.803998101470557947e-01
1.147000000000010858e-03 9.803998617944976735e-01
1.148000000000010991e-03 9.803998223521788180e-01
1.149000000000010907e-03 9.803998508781555099e-01
1.150000000000010823e-03 9.803996993846073593e-01
1.151000000000010955e-03 9.803998408239029683e-01
1.152000000000011088e-03 9.803997500733742099e-01
1.153000000000011004e-03 9.803994659319986704e-01
1.154000000000010920e-03 9.803995543563648329e-01
1.155000000000011053e-03 9.803995725274583517e-01
1.156000000000011185e-03 9.803997487264261013e-01
1.157000000000011101e-03 9.803998029938972847e-01
1.158000000000011017e-03 9.803995000400376192e-01
1.159000000000011150e-03 9.803995619491614466e-01
1.160000000000011283e-03 9.803996492380895322e-01
1.161000000000011198e-03 9.803997329402837080e-01
1.162000000000011114e-03 9.803993673187465507e-01
1.163000000000011247e-03 9.803997436833769008e-01
1.164000000000011380e-03 9.803998173355471524e-01
1.165000000000011296e-03 9.803997873748001579e-01
1.166000000000011212e-03 9.803994550844939981e-01
1.167000000000011344e-03 9.803996587458368994e-01
1.168000000000011477e-03 9.803996322143115894e-01
1.169000000000011393e-03 9.803996560716775610e-01
1.170000000000011309e-03 9.803996754620493137e-01
1.171000000000011441e-03 9.803996679355486688e-01
1.172000000000011574e-03 9.803997207037010719e-01
1.173000000000011490e-03 9.803997789233974691e-01
1.174000000000011406e-03 9.803998462734397901e-01
1.175000000000011539e-03 9.803998322993887626e-01
1.176000000000011671e-03 9.803997365911261141e-01
1.177000000000011587e-03 9.803996886117537501e-01
1.178000000000011503e-03 9.803998372159263841e-01
1.179000000000011636e-03 9.803998241458532492e-01
1.180000000000011769e-03 9.803999158498550859e-01
1.181000000000011685e-03 9.803998157857182205e-01
1.182000000000011600e-03 9.803997899338261490e-01
1.183000000000011733e-03 9.803998982459072309e-01
1.184000000000011866e-03 9.803998525387295215e-01
1.185000000000011782e-03 9.803998795613714234e-01
1.186000000000011698e-03 9.803996235299773376e-01
1.187000000000011830e-03 9.803998824841944071e-01
1.188000000000011963e-03 9.803999034055614903e-01
1.189000000000011879e-03 9.803998861524770847e-01
1.190000000000011795e-03 9.803998723154410122e-01
1.191000000000011928e-03 9.803997824091940094e-01
1.192000000000012060e-03 9.803995892367778353e-01
1.193000000000011976e-03 9.803997226110517937e-01
1.194000000000011892e-03 9.803998647475907768e-01
1.195000000000012025e-03 9.803999081940442117e-01
1.196000000000012158e-03 9.803999124090428952e-01
1.197000000000012073e-03 9.803998448540492960e-01
1.198000000000011989e-03 9.803999408372426894e-01
1.199000000000012122e-03 9.803997377103587096e-01
