# Prometheus output file.
# First row: Orbital phases [1]
# All other rows: Wavelength [cm] (first column), Transit depth R(orbital phase, wavelength) [1] (other columns)
nan 0.000000000000000000e+00
1.499999999999999869e-04 nan
1.509999999999999841e-04 nan
1.519999999999999813e-04 nan
1.529999999999999785e-04 nan
1.539999999999999757e-04 nan
1.549999999999999729e-04 nan
1.559999999999999701e-04 nan
1.569999999999999673e-04 nan
1.579999999999999645e-04 nan
1.589999999999999617e-04 nan
1.599999999999999589e-04 nan
1.609999999999999561e-04 nan
1.619999999999999533e-04 nan
1.629999999999999505e-04 nan
1.639999999999999477e-04 nan
1.649999999999999449e-04 nan
1.659999999999999421e-04 nan
1.669999999999999393e-04 nan
1.679999999999999365e-04 nan
1.689999999999999337e-04 nan
1.699999999999999309e-04 nan
1.709999999999999281e-04 nan
1.719999999999999253e-04 nan
1.729999999999999225e-04 nan
1.739999999999999197e-04 nan
1.749999999999999169e-04 nan
1.759999999999999141e-04 nan
1.769999999999999113e-04 nan
1.779999999999999085e-04 nan
1.789999999999999057e-04 nan
1.799999999999999029e-04 nan
1.809999999999999001e-04 nan
1.819999999999998973e-04 nan
1.829999999999998945e-04 nan
1.839999999999998917e-04 nan
1.849999999999998889e-04 nan
1.859999999999998861e-04 nan
1.869999999999998833e-04 nan
1.879999999999998805e-04 nan
1.889999999999998777e-04 nan
1.899999999999998749e-04 nan
1.909999999999998721e-04 nan
1.919999999999998693e-04 nan
1.929999999999998665e-04 nan
1.939999999999998637e-04 nan
1.949999999999998609e-04 nan
1.959999999999998581e-04 nan
1.969999999999998553e-04 nan
1.979999999999998526e-04 nan
1.989999999999998498e-04 nan
1.999999999999998470e-04 nan
2.009999999999998442e-04 nan
2.019999999999998414e-04 nan
2.029999999999998386e-04 nan
2.039999999999998358e-04 nan
2.049999999999998330e-04 nan
2.059999999999998302e-04 nan
2.069999999999998274e-04 nan
2.079999999999998246e-04 nan
2.089999999999998218e-04 nan
2.099999999999998190e-04 nan
2.109999999999998162e-04 nan
2.119999999999998134e-04 nan
2.129999999999998106e-04 nan
2.139999999999998078e-04 nan
2.149999999999998050e-04 nan
2.159999999999998022e-04 nan
2.169999999999997994e-04 nan
2.179999999999997966e-04 nan
2.189999999999997938e-04 nan
2.199999999999997910e-04 nan
2.209999999999997882e-04 nan
2.219999999999997854e-04 nan
2.229999999999997826e-04 nan
2.239999999999997798e-04 nan
2.249999999999997770e-04 nan
2.259999999999997742e-04 nan
2.269999999999997714e-04 nan
2.279999999999997686e-04 nan
2.289999999999997658e-04 nan
2.299999999999997630e-04 nan
2.309999999999997602e-04 nan
2.319999999999997574e-04 nan
2.329999999999997546e-04 nan
2.339999999999997518e-04 nan
2.349999999999997490e-04 nan
2.359999999999997462e-04 nan
2.369999999999997434e-04 nan
2.379999999999997406e-04 nan
2.389999999999997378e-04 nan
2.399999999999997350e-04 nan
2.409999999999997322e-04 nan
2.419999999999997294e-04 nan
2.429999999999997266e-04 nan
2.439999999999997238e-04 nan
2.449999999999997210e-04 nan
2.459999999999996911e-04 nan
2.469999999999997154e-04 nan
2.479999999999997397e-04 nan
2.489999999999997098e-04 nan
2.499999999999996799e-04 nan
2.509999999999997043e-04 nan
2.519999999999997286e-04 nan
2.529999999999996987e-04 nan
2.539999999999996688e-04 nan
2.549999999999996931e-04 nan
2.559999999999997174e-04 nan
2.569999999999996875e-04 nan
2.579999999999996576e-04 nan
2.589999999999996819e-04 nan
2.599999999999997062e-04 nan
2.609999999999996763e-04 nan
2.619999999999996464e-04 nan
2.629999999999996707e-04 nan
2.639999999999996950e-04 nan
2.649999999999996651e-04 nan
2.659999999999996352e-04 nan
2.669999999999996595e-04 nan
2.679999999999996838e-04 nan
2.689999999999996539e-04 nan
2.699999999999996240e-04 nan
2.709999999999996483e-04 nan
2.719999999999996726e-04 nan
2.729999999999996427e-04 nan
2.739999999999996128e-04 nan
2.749999999999996371e-04 nan
2.759999999999996614e-04 nan
2.769999999999996315e-04 nan
2.779999999999996016e-04 nan
2.789999999999996259e-04 nan
2.799999999999996502e-04 nan
2.809999999999996203e-04 nan
2.819999999999995904e-04 nan
2.829999999999996147e-04 nan
2.839999999999996390e-04 nan
2.849999999999996091e-04 nan
2.859999999999995792e-04 nan
2.869999999999996035e-04 nan
2.879999999999996278e-04 nan
2.889999999999995979e-04 nan
2.899999999999995680e-04 nan
2.909999999999995923e-04 nan
2.919999999999996166e-04 nan
2.929999999999995867e-04 nan
2.939999999999995568e-04 nan
2.949999999999995811e-04 nan
2.959999999999996054e-04 nan
2.969999999999995755e-04 nan
2.979999999999995456e-04 nan
2.989999999999995699e-04 nan
2.999999999999995942e-04 nan
3.009999999999995643e-04 nan
3.019999999999995344e-04 nan
3.029999999999995587e-04 nan
3.039999999999995831e-04 nan
3.049999999999995532e-04 nan
3.059999999999995232e-04 nan
3.069999999999995476e-04 nan
3.079999999999995719e-04 nan
3.089999999999995420e-04 nan
3.099999999999995121e-04 nan
3.109999999999995364e-04 nan
3.119999999999995607e-04 nan
3.129999999999995308e-04 nan
3.139999999999995009e-04 nan
3.149999999999995252e-04 nan
3.159999999999995495e-04 nan
3.169999999999995196e-04 nan
3.179999999999994897e-04 nan
3.189999999999995140e-04 nan
3.199999999999995383e-04 nan
3.209999999999995084e-04 nan
3.219999999999994785e-04 nan
3.229999999999995028e-04 nan
3.239999999999995271e-04 nan
3.249999999999994972e-04 nan
3.259999999999994673e-04 nan
3.269999999999994916e-04 nan
3.279999999999995159e-04 nan
3.289999999999994860e-04 nan
3.299999999999994561e-04 nan
3.309999999999994804e-04 nan
3.319999999999995047e-04 nan
3.329999999999994748e-04 nan
3.339999999999994449e-04 nan
3.349999999999994692e-04 nan
3.359999999999994935e-04 nan
3.369999999999994636e-04 nan
3.379999999999994337e-04 nan
3.389999999999994580e-04 nan
3.399999999999994823e-04 nan
3.409999999999994524e-04 nan
3.419999999999994225e-04 nan
3.429999999999994468e-04 nan
3.439999999999994711e-04 nan
3.449999999999994412e-04 nan
3.459999999999994113e-04 nan
3.469999999999994356e-04 nan
3.479999999999994599e-04 nan
3.489999999999994300e-04 nan
3.499999999999994001e-04 nan
3.509999999999994244e-04 nan
3.519999999999994487e-04 nan
3.529999999999994188e-04 nan
3.539999999999993889e-04 nan
3.549999999999994132e-04 nan
3.559999999999994376e-04 nan
3.569999999999994077e-04 nan
3.579999999999993777e-04 nan
3.589999999999994021e-04 nan
3.599999999999994264e-04 nan
3.609999999999993965e-04 nan
3.619999999999993666e-04 nan
3.629999999999993909e-04 nan
3.639999999999994152e-04 nan
3.649999999999993853e-04 nan
3.659999999999993554e-04 nan
3.669999999999993797e-04 nan
3.679999999999994040e-04 nan
3.689999999999993741e-04 nan
3.699999999999993442e-04 nan
3.709999999999993685e-04 nan
3.719999999999993928e-04 nan
3.729999999999993629e-04 nan
3.739999999999993330e-04 nan
3.749999999999993573e-04 nan
3.759999999999993816e-04 nan
3.769999999999993517e-04 nan
3.779999999999993218e-04 nan
3.789999999999993461e-04 nan
3.799999999999993704e-04 nan
3.809999999999993405e-04 nan
3.819999999999993106e-04 nan
3.829999999999993349e-04 nan
3.839999999999993592e-04 nan
3.849999999999993293e-04 nan
3.859999999999992994e-04 nan
3.869999999999993237e-04 nan
3.879999999999993480e-04 nan
3.889999999999993181e-04 nan
3.899999999999992882e-04 nan
3.909999999999993125e-04 nan
3.919999999999993368e-04 nan
3.929999999999993069e-04 nan
3.939999999999992770e-04 nan
3.949999999999993013e-04 nan
3.959999999999993256e-04 nan
3.969999999999992415e-04 nan
3.979999999999992658e-04 nan
3.989999999999992901e-04 nan
3.999999999999993144e-04 nan
4.009999999999992303e-04 nan
4.019999999999992546e-04 nan
4.029999999999992789e-04 nan
4.039999999999993032e-04 nan
4.049999999999992191e-04 nan
4.059999999999992434e-04 nan
4.069999999999992677e-04 nan
4.079999999999992921e-04 nan
4.089999999999992079e-04 nan
4.099999999999992322e-04 nan
4.109999999999992566e-04 nan
4.119999999999992809e-04 nan
4.129999999999991967e-04 nan
4.139999999999992211e-04 nan
4.149999999999992454e-04 nan
4.159999999999992697e-04 nan
4.169999999999991856e-04 nan
4.179999999999992099e-04 nan
4.189999999999992342e-04 nan
4.199999999999992585e-04 nan
4.209999999999991744e-04 nan
4.219999999999991987e-04 nan
4.229999999999992230e-04 nan
4.239999999999992473e-04 nan
4.249999999999991632e-04 nan
4.259999999999991875e-04 nan
4.269999999999992118e-04 nan
4.279999999999992361e-04 nan
4.289999999999991520e-04 nan
4.299999999999991763e-04 nan
4.309999999999992006e-04 nan
4.319999999999992249e-04 nan
4.329999999999991408e-04 nan
4.339999999999991651e-04 nan
4.349999999999991894e-04 nan
4.359999999999992137e-04 nan
4.369999999999991296e-04 nan
4.379999999999991539e-04 nan
4.389999999999991782e-04 nan
4.399999999999992025e-04 nan
4.409999999999991184e-04 nan
4.419999999999991427e-04 nan
4.429999999999991670e-04 nan
4.439999999999991913e-04 nan
4.449999999999991072e-04 nan
4.459999999999991315e-04 nan
4.469999999999991558e-04 nan
4.479999999999991801e-04 nan
4.489999999999990960e-04 nan
4.499999999999991203e-04 nan
4.509999999999991446e-04 nan
4.519999999999991689e-04 nan
4.529999999999990848e-04 nan
4.539999999999991091e-04 nan
4.549999999999991334e-04 nan
4.559999999999991577e-04 nan
4.569999999999990736e-04 nan
4.579999999999990979e-04 nan
4.589999999999991222e-04 nan
4.599999999999991466e-04 nan
4.609999999999990624e-04 nan
4.619999999999990867e-04 nan
4.629999999999991111e-04 nan
4.639999999999991354e-04 nan
4.649999999999990512e-04 nan
4.659999999999990756e-04 nan
4.669999999999990999e-04 nan
4.679999999999991242e-04 nan
4.689999999999990401e-04 nan
4.699999999999990644e-04 nan
4.709999999999990887e-04 nan
4.719999999999991130e-04 nan
4.729999999999990289e-04 nan
4.739999999999990532e-04 nan
4.749999999999990775e-04 nan
4.759999999999991018e-04 nan
4.769999999999990177e-04 nan
4.779999999999990420e-04 nan
4.789999999999990663e-04 nan
4.799999999999990906e-04 nan
4.809999999999990065e-04 nan
4.819999999999990308e-04 nan
4.829999999999990551e-04 nan
4.839999999999990794e-04 nan
4.849999999999989953e-04 nan
4.859999999999990196e-04 nan
4.869999999999990439e-04 nan
4.879999999999990682e-04 nan
4.889999999999989841e-04 nan
4.899999999999990084e-04 nan
4.909999999999990327e-04 nan
4.919999999999990570e-04 nan
4.929999999999989729e-04 nan
4.939999999999989972e-04 nan
4.949999999999990215e-04 nan
4.959999999999990458e-04 nan
4.969999999999989617e-04 nan
4.979999999999989860e-04 nan
4.989999999999990103e-04 nan
4.999999999999990346e-04 nan
5.009999999999989505e-04 nan
5.019999999999989748e-04 nan
5.029999999999989991e-04 nan
5.039999999999990234e-04 nan
5.049999999999989393e-04 nan
5.059999999999989636e-04 nan
5.069999999999989879e-04 nan
5.079999999999990122e-04 nan
5.089999999999989281e-04 nan
5.099999999999989524e-04 nan
5.109999999999989767e-04 nan
5.119999999999990010e-04 nan
5.129999999999989169e-04 nan
5.139999999999989412e-04 nan
5.149999999999989655e-04 nan
5.159999999999989899e-04 nan
5.169999999999989057e-04 nan
5.179999999999989301e-04 nan
5.189999999999989544e-04 nan
5.199999999999989787e-04 nan
5.209999999999988946e-04 nan
5.219999999999989189e-04 nan
5.229999999999989432e-04 nan
5.239999999999989675e-04 nan
5.249999999999988834e-04 nan
5.259999999999989077e-04 nan
5.269999999999989320e-04 nan
5.279999999999989563e-04 nan
5.289999999999988722e-04 nan
5.299999999999988965e-04 nan
5.309999999999989208e-04 nan
5.319999999999989451e-04 nan
5.329999999999988610e-04 nan
5.339999999999988853e-04 nan
5.349999999999989096e-04 nan
5.359999999999989339e-04 nan
5.369999999999988498e-04 nan
5.379999999999988741e-04 nan
5.389999999999988984e-04 nan
5.399999999999989227e-04 nan
5.409999999999988386e-04 nan
5.419999999999988629e-04 nan
5.429999999999988872e-04 nan
5.439999999999989115e-04 nan
5.449999999999988274e-04 nan
5.459999999999988517e-04 nan
5.469999999999988760e-04 nan
5.479999999999989003e-04 nan
5.489999999999988162e-04 nan
5.499999999999988405e-04 nan
5.509999999999988648e-04 nan
5.519999999999988891e-04 nan
5.529999999999988050e-04 nan
5.539999999999988293e-04 nan
5.549999999999988536e-04 nan
5.559999999999988779e-04 nan
5.569999999999987938e-04 nan
5.579999999999988181e-04 nan
5.589999999999988424e-04 nan
5.599999999999988667e-04 nan
5.609999999999987826e-04 nan
5.619999999999988069e-04 nan
5.629999999999988312e-04 nan
5.639999999999988555e-04 nan
5.649999999999987714e-04 nan
5.659999999999987957e-04 nan
5.669999999999988200e-04 nan
5.679999999999988444e-04 nan
5.689999999999987602e-04 nan
5.699999999999987845e-04 nan
5.709999999999988089e-04 nan
5.719999999999988332e-04 nan
5.729999999999987490e-04 nan
5.739999999999987734e-04 nan
5.749999999999987977e-04 nan
5.759999999999988220e-04 nan
5.769999999999987379e-04 nan
5.779999999999987622e-04 nan
5.789999999999987865e-04 nan
5.799999999999988108e-04 nan
5.809999999999987267e-04 nan
5.819999999999987510e-04 nan
5.829999999999987753e-04 nan
5.839999999999987996e-04 nan
5.849999999999987155e-04 nan
5.859999999999987398e-04 nan
5.869999999999987641e-04 nan
5.879999999999987884e-04 nan
5.889999999999987043e-04 nan
5.899999999999987286e-04 nan
5.909999999999987529e-04 nan
5.919999999999987772e-04 nan
5.929999999999986931e-04 nan
5.939999999999987174e-04 nan
5.949999999999987417e-04 nan
5.959999999999987660e-04 nan
5.969999999999986819e-04 nan
5.979999999999987062e-04 nan
5.989999999999987305e-04 nan
5.999999999999987548e-04 nan
6.009999999999986707e-04 nan
6.019999999999986950e-04 nan
6.029999999999987193e-04 nan
6.039999999999987436e-04 nan
6.049999999999986595e-04 nan
6.059999999999986838e-04 nan
6.069999999999987081e-04 nan
6.079999999999987324e-04 nan
6.089999999999986483e-04 nan
6.099999999999986726e-04 nan
6.109999999999986969e-04 nan
6.119999999999987212e-04 nan
6.129999999999986371e-04 nan
6.139999999999986614e-04 nan
6.149999999999986857e-04 nan
6.159999999999987100e-04 nan
6.169999999999986259e-04 nan
6.179999999999986502e-04 nan
6.189999999999986745e-04 nan
6.199999999999986989e-04 nan
6.209999999999986147e-04 nan
6.219999999999986390e-04 nan
6.229999999999986634e-04 nan
6.239999999999986877e-04 nan
6.249999999999986035e-04 nan
6.259999999999986279e-04 nan
6.269999999999986522e-04 nan
6.279999999999986765e-04 nan
6.289999999999985924e-04 nan
6.299999999999986167e-04 nan
6.309999999999986410e-04 nan
6.319999999999986653e-04 nan
6.329999999999985812e-04 nan
6.339999999999986055e-04 nan
6.349999999999986298e-04 nan
6.359999999999986541e-04 nan
6.369999999999985700e-04 nan
6.379999999999985943e-04 nan
6.389999999999986186e-04 nan
6.399999999999986429e-04 nan
6.409999999999985588e-04 nan
6.419999999999985831e-04 nan
6.429999999999986074e-04 nan
6.439999999999985233e-04 nan
6.449999999999985476e-04 nan
6.459999999999985719e-04 nan
6.469999999999985962e-04 nan
6.479999999999986205e-04 nan
6.489999999999985364e-04 nan
6.499999999999985607e-04 nan
6.509999999999985850e-04 nan
6.519999999999985009e-04 nan
6.529999999999985252e-04 nan
6.539999999999985495e-04 nan
6.549999999999985738e-04 nan
6.559999999999985981e-04 nan
6.569999999999985140e-04 nan
6.579999999999985383e-04 nan
6.589999999999985626e-04 nan
6.599999999999984785e-04 nan
6.609999999999985028e-04 nan
6.619999999999985271e-04 nan
6.629999999999985514e-04 nan
6.639999999999985757e-04 nan
6.649999999999984916e-04 nan
6.659999999999985159e-04 nan
6.669999999999985402e-04 nan
6.679999999999984561e-04 nan
6.689999999999984804e-04 nan
6.699999999999985047e-04 nan
6.709999999999985290e-04 nan
6.719999999999985534e-04 nan
6.729999999999984692e-04 nan
6.739999999999984935e-04 nan
6.749999999999985179e-04 nan
6.759999999999984337e-04 nan
6.769999999999984580e-04 nan
6.779999999999984824e-04 nan
6.789999999999985067e-04 nan
6.799999999999985310e-04 nan
6.809999999999984469e-04 nan
6.819999999999984712e-04 nan
6.829999999999984955e-04 nan
6.839999999999984114e-04 nan
6.849999999999984357e-04 nan
6.859999999999984600e-04 nan
6.869999999999984843e-04 nan
6.879999999999985086e-04 nan
6.889999999999984245e-04 nan
6.899999999999984488e-04 nan
6.909999999999984731e-04 nan
6.919999999999983890e-04 nan
6.929999999999984133e-04 nan
6.939999999999984376e-04 nan
6.949999999999984619e-04 nan
6.959999999999984862e-04 nan
6.969999999999984021e-04 nan
6.979999999999984264e-04 nan
6.989999999999984507e-04 nan
6.999999999999983666e-04 nan
7.009999999999983909e-04 nan
7.019999999999984152e-04 nan
7.029999999999984395e-04 nan
7.039999999999984638e-04 nan
7.049999999999983797e-04 nan
7.059999999999984040e-04 nan
7.069999999999984283e-04 nan
7.079999999999983442e-04 nan
7.089999999999983685e-04 nan
7.099999999999983928e-04 nan
7.109999999999984171e-04 nan
7.119999999999984414e-04 nan
7.129999999999983573e-04 nan
7.139999999999983816e-04 nan
7.149999999999984059e-04 nan
7.159999999999983218e-04 nan
7.169999999999983461e-04 nan
7.179999999999983704e-04 nan
7.189999999999983947e-04 nan
7.199999999999984190e-04 nan
7.209999999999983349e-04 nan
7.219999999999983592e-04 nan
7.229999999999983835e-04 nan
7.239999999999982994e-04 nan
7.249999999999983237e-04 nan
7.259999999999983480e-04 nan
7.269999999999983724e-04 nan
7.279999999999983967e-04 nan
7.289999999999983125e-04 nan
7.299999999999983369e-04 nan
7.309999999999983612e-04 nan
7.319999999999982770e-04 nan
7.329999999999983014e-04 nan
7.339999999999983257e-04 nan
7.349999999999983500e-04 nan
7.359999999999983743e-04 nan
7.369999999999982902e-04 nan
7.379999999999983145e-04 nan
7.389999999999983388e-04 nan
7.399999999999982547e-04 nan
7.409999999999982790e-04 nan
7.419999999999983033e-04 nan
7.429999999999983276e-04 nan
7.439999999999983519e-04 nan
7.449999999999982678e-04 nan
7.459999999999982921e-04 nan
7.469999999999983164e-04 nan
7.479999999999982323e-04 nan
7.489999999999982566e-04 nan
7.499999999999982809e-04 nan
7.509999999999983052e-04 nan
7.519999999999983295e-04 nan
7.529999999999982454e-04 nan
7.539999999999982697e-04 nan
7.549999999999982940e-04 nan
7.559999999999982099e-04 nan
7.569999999999982342e-04 nan
7.579999999999982585e-04 nan
7.589999999999982828e-04 nan
7.599999999999983071e-04 nan
7.609999999999982230e-04 nan
7.619999999999982473e-04 nan
7.629999999999982716e-04 nan
7.639999999999981875e-04 nan
7.649999999999982118e-04 nan
7.659999999999982361e-04 nan
7.669999999999982604e-04 nan
7.679999999999982847e-04 nan
7.689999999999982006e-04 nan
7.699999999999982249e-04 nan
7.709999999999982492e-04 nan
7.719999999999981651e-04 nan
7.729999999999981894e-04 nan
7.739999999999982137e-04 nan
7.749999999999982380e-04 nan
7.759999999999982623e-04 nan
7.769999999999981782e-04 nan
7.779999999999982025e-04 nan
7.789999999999982268e-04 nan
7.799999999999981427e-04 nan
7.809999999999981670e-04 nan
7.819999999999981913e-04 nan
7.829999999999982157e-04 nan
7.839999999999982400e-04 nan
7.849999999999981559e-04 nan
7.859999999999981802e-04 nan
7.869999999999982045e-04 nan
7.879999999999981204e-04 nan
7.889999999999981447e-04 nan
7.899999999999981690e-04 nan
7.909999999999981933e-04 nan
7.919999999999982176e-04 nan
7.929999999999981335e-04 nan
7.939999999999981578e-04 nan
7.949999999999981821e-04 nan
7.959999999999980980e-04 nan
7.969999999999981223e-04 nan
7.979999999999981466e-04 nan
7.989999999999981709e-04 nan
7.999999999999981952e-04 nan
8.009999999999981111e-04 nan
8.019999999999981354e-04 nan
8.029999999999981597e-04 nan
8.039999999999980756e-04 nan
8.049999999999980999e-04 nan
8.059999999999981242e-04 nan
8.069999999999981485e-04 nan
8.079999999999981728e-04 nan
8.089999999999980887e-04 nan
8.099999999999981130e-04 nan
8.109999999999981373e-04 nan
8.119999999999980532e-04 nan
8.129999999999980775e-04 nan
8.139999999999981018e-04 nan
8.149999999999981261e-04 nan
8.159999999999981504e-04 nan
8.169999999999980663e-04 nan
8.179999999999980906e-04 nan
8.189999999999981149e-04 nan
8.199999999999980308e-04 nan
8.209999999999980551e-04 nan
8.219999999999980794e-04 nan
8.229999999999981037e-04 nan
8.239999999999981280e-04 nan
8.249999999999980439e-04 nan
8.259999999999980682e-04 nan
8.269999999999980925e-04 nan
8.279999999999980084e-04 nan
8.289999999999980327e-04 nan
8.299999999999980570e-04 nan
8.309999999999980813e-04 nan
8.319999999999981057e-04 nan
8.329999999999980215e-04 nan
8.339999999999980458e-04 nan
8.349999999999980702e-04 nan
8.359999999999979860e-04 nan
8.369999999999980103e-04 nan
8.379999999999980347e-04 nan
8.389999999999980590e-04 nan
8.399999999999980833e-04 nan
8.409999999999979992e-04 nan
8.419999999999980235e-04 nan
8.429999999999980478e-04 nan
8.439999999999979637e-04 nan
8.449999999999979880e-04 nan
8.459999999999980123e-04 nan
8.469999999999980366e-04 nan
8.479999999999980609e-04 nan
8.489999999999979768e-04 nan
8.499999999999980011e-04 nan
8.509999999999980254e-04 nan
8.519999999999979413e-04 nan
8.529999999999979656e-04 nan
8.539999999999979899e-04 nan
8.549999999999980142e-04 nan
8.559999999999980385e-04 nan
8.569999999999979544e-04 nan
8.579999999999979787e-04 nan
8.589999999999980030e-04 nan
8.599999999999979189e-04 nan
8.609999999999979432e-04 nan
8.619999999999979675e-04 nan
8.629999999999979918e-04 nan
8.639999999999980161e-04 nan
8.649999999999979320e-04 nan
8.659999999999979563e-04 nan
8.669999999999979806e-04 nan
8.679999999999978965e-04 nan
8.689999999999979208e-04 nan
8.699999999999979451e-04 nan
8.709999999999979694e-04 nan
8.719999999999979937e-04 nan
8.729999999999979096e-04 nan
8.739999999999979339e-04 nan
8.749999999999979582e-04 nan
8.759999999999978741e-04 nan
8.769999999999978984e-04 nan
8.779999999999979227e-04 nan
8.789999999999979470e-04 nan
8.799999999999979713e-04 nan
8.809999999999978872e-04 nan
8.819999999999979115e-04 nan
8.829999999999979358e-04 nan
8.839999999999978517e-04 nan
8.849999999999978760e-04 nan
8.859999999999979003e-04 nan
8.869999999999979247e-04 nan
8.879999999999979490e-04 nan
8.889999999999978648e-04 nan
8.899999999999978892e-04 nan
8.909999999999979135e-04 nan
8.919999999999978293e-04 nan
8.929999999999978537e-04 nan
8.939999999999978780e-04 nan
8.949999999999979023e-04 nan
8.959999999999979266e-04 nan
8.969999999999978425e-04 nan
8.979999999999978668e-04 nan
8.989999999999978911e-04 nan
8.999999999999978070e-04 nan
9.009999999999978313e-04 nan
9.019999999999978556e-04 nan
9.029999999999978799e-04 nan
9.039999999999979042e-04 nan
9.049999999999978201e-04 nan
9.059999999999978444e-04 nan
9.069999999999978687e-04 nan
9.079999999999977846e-04 nan
9.089999999999978089e-04 nan
9.099999999999978332e-04 nan
9.109999999999978575e-04 nan
9.119999999999978818e-04 nan
9.129999999999977977e-04 nan
9.139999999999978220e-04 nan
9.149999999999978463e-04 nan
9.159999999999977622e-04 nan
9.169999999999977865e-04 nan
9.179999999999978108e-04 nan
9.189999999999978351e-04 nan
9.199999999999978594e-04 nan
9.209999999999977753e-04 nan
9.219999999999977996e-04 nan
9.229999999999978239e-04 nan
9.239999999999977398e-04 nan
9.249999999999977641e-04 nan
9.259999999999977884e-04 nan
9.269999999999978127e-04 nan
9.279999999999978370e-04 nan
9.289999999999977529e-04 nan
9.299999999999977772e-04 nan
9.309999999999978015e-04 nan
9.319999999999977174e-04 nan
9.329999999999977417e-04 nan
9.339999999999977660e-04 nan
9.349999999999977903e-04 nan
9.359999999999978147e-04 nan
9.369999999999977305e-04 nan
9.379999999999977548e-04 nan
9.389999999999977792e-04 nan
9.399999999999976950e-04 nan
9.409999999999977193e-04 nan
9.419999999999977437e-04 nan
9.429999999999977680e-04 nan
9.439999999999977923e-04 nan
9.449999999999977082e-04 nan
9.459999999999977325e-04 nan
9.469999999999977568e-04 nan
9.479999999999976727e-04 nan
9.489999999999976970e-04 nan
9.499999999999977213e-04 nan
