# Prometheus output file.
# First row: Orbital phases [1]
# All other rows: Wavelength [cm] (first column), Transit depth R(orbital phase, wavelength) [1] (other columns)
nan 0.000000000000000000e+00
6.999999999999999929e-04 9.803999999951579225e-01
7.010000000000000172e-04 9.803999999955032019e-01
7.020000000000000415e-04 9.803999999988660674e-01
7.030000000000000658e-04 9.803999999823287403e-01
7.040000000000000901e-04 9.803999999965294920e-01
7.050000000000001144e-04 9.803999999768170381e-01
7.060000000000001387e-04 9.803999998289313345e-01
7.070000000000001630e-04 9.803999999433842261e-01
7.080000000000001873e-04 9.803999999923846964e-01
7.090000000000002117e-04 9.803999999860949499e-01
7.100000000000002360e-04 9.803999999225520012e-01
7.110000000000002603e-04 9.803999999587886816e-01
7.120000000000002846e-04 9.803999995974465032e-01
7.130000000000003089e-04 9.803999991901740652e-01
7.140000000000003332e-04 9.803999965364760261e-01
7.150000000000003575e-04 9.803999977915456299e-01
7.160000000000003818e-04 9.803999936067049337e-01
7.170000000000004061e-04 9.803999978431616746e-01
7.180000000000004304e-04 9.803999986043051562e-01
7.190000000000004547e-04 9.803999973649324406e-01
7.200000000000004790e-04 9.803999990776656182e-01
7.210000000000005033e-04 9.803999967641494617e-01
7.220000000000005276e-04 9.803999960448679385e-01
7.230000000000005519e-04 9.803999985381477433e-01
7.240000000000005763e-04 9.803999910416044683e-01
7.250000000000006006e-04 9.803999967890778544e-01
7.260000000000006249e-04 9.803999954900177727e-01
7.270000000000006492e-04 9.803999899359325809e-01
7.280000000000006735e-04 9.803999888088781312e-01
7.290000000000006978e-04 9.803999923047461706e-01
7.300000000000007221e-04 9.803999955139387490e-01
7.310000000000007464e-04 9.803999939283952747e-01
7.320000000000007707e-04 9.803999962508600508e-01
7.330000000000007950e-04 9.803999962401488411e-01
7.340000000000008193e-04 9.803999949877062470e-01
7.350000000000008436e-04 9.803999960715314987e-01
7.360000000000008679e-04 9.803999908299797506e-01
7.370000000000008922e-04 9.803999934088998280e-01
7.380000000000009166e-04 9.803999947265481518e-01
7.390000000000009409e-04 9.803999971305191741e-01
7.400000000000009652e-04 9.803999951269193325e-01
7.410000000000009895e-04 9.803999951894620812e-01
7.420000000000010138e-04 9.803999899674300522e-01
7.430000000000010381e-04 9.803999951323344453e-01
7.440000000000010624e-04 9.803999949245444379e-01
7.450000000000010867e-04 9.803999914542019800e-01
7.460000000000011110e-04 9.803999892985852949e-01
7.470000000000011353e-04 9.803999962744820440e-01
7.480000000000011596e-04 9.803999979276283305e-01
7.490000000000011839e-04 9.803999953822664093e-01
7.500000000000012082e-04 9.803999880612572770e-01
7.510000000000012325e-04 9.803999952285558095e-01
7.520000000000012568e-04 9.803999907545818404e-01
7.530000000000012812e-04 9.803999965380219006e-01
7.540000000000013055e-04 9.803999942656445032e-01
7.550000000000013298e-04 9.803999974190608091e-01
7.560000000000013541e-04 9.803999963918831329e-01
7.570000000000013784e-04 9.803999962194964723e-01
7.580000000000014027e-04 9.803999961640678107e-01
7.590000000000014270e-04 9.803999931435999349e-01
7.600000000000014513e-04 9.803999925956727868e-01
7.610000000000014756e-04 9.803999946614631034e-01
7.620000000000014999e-04 9.803999949566435390e-01
7.630000000000015242e-04 9.803999959372541317e-01
7.640000000000015485e-04 9.803999924366678664e-01
7.650000000000015728e-04 9.803999973755627151e-01
7.660000000000015971e-04 9.803999954006836770e-01
7.670000000000016215e-04 9.803999955715299031e-01
7.680000000000016458e-04 9.803999970211942916e-01
7.690000000000016701e-04 9.803999954194908550e-01
7.700000000000016944e-04 9.803999981622028015e-01
7.710000000000017187e-04 9.803999963625945613e-01
7.720000000000017430e-04 9.803999983224258585e-01
7.730000000000017673e-04 9.803999979802002773e-01
7.740000000000017916e-04 9.803999970738048741e-01
7.750000000000018159e-04 9.803999981406992248e-01
7.760000000000018402e-04 9.803999993600219787e-01
7.770000000000018645e-04 9.803999983100089022e-01
7.780000000000018888e-04 9.803999990657468189e-01
7.790000000000019131e-04 9.803999988639213736e-01
7.800000000000019374e-04 9.803999989703954254e-01
7.810000000000019618e-04 9.803999988748587358e-01
7.820000000000019861e-04 9.803999990559589817e-01
7.830000000000020104e-04 9.803999988274674227e-01
7.840000000000020347e-04 9.803999991343310683e-01
7.850000000000020590e-04 9.803999993214176367e-01
7.860000000000020833e-04 9.803999991585741203e-01
7.870000000000021076e-04 9.803999994523532324e-01
7.880000000000021319e-04 9.803999995764115516e-01
7.890000000000021562e-04 9.803999996436419950e-01
7.900000000000021805e-04 9.803999996339648471e-01
7.910000000000022048e-04 9.803999997301762193e-01
7.920000000000022291e-04 9.803999996390302396e-01
7.930000000000022534e-04 9.803999996333899736e-01
7.940000000000022777e-04 9.803999996508119263e-01
7.950000000000023020e-04 9.803999998411093708e-01
7.960000000000023264e-04 9.803999994934453621e-01
7.970000000000023507e-04 9.803999998346234479e-01
7.980000000000023750e-04 9.803999998528903914e-01
7.990000000000023993e-04 9.803999997896341023e-01
8.000000000000024236e-04 9.803999998754444611e-01
8.010000000000024479e-04 9.803999998855623677e-01
8.020000000000024722e-04 9.803999998151713413e-01
8.030000000000024965e-04 9.803999997834372815e-01
8.040000000000025208e-04 9.803999997356145357e-01
8.050000000000025451e-04 9.803999998462599175e-01
8.060000000000025694e-04 9.803999997943385614e-01
8.070000000000025937e-04 9.803999997931233112e-01
8.080000000000026180e-04 9.803999999055047487e-01
8.090000000000026423e-04 9.803999997481565032e-01
8.100000000000026667e-04 9.803999995631019759e-01
8.110000000000026910e-04 9.803999999040228230e-01
8.120000000000027153e-04 9.803999993505039257e-01
8.130000000000027396e-04 9.803999998419831163e-01
8.140000000000027639e-04 9.803999998108665626e-01
8.150000000000027882e-04 9.803999996703370856e-01
8.160000000000028125e-04 9.803999999716324076e-01
8.170000000000028368e-04 9.803999998978168984e-01
8.180000000000028611e-04 9.803999999208421468e-01
8.190000000000028854e-04 9.803999999400621057e-01
8.200000000000029097e-04 9.803999995940114731e-01
8.210000000000029340e-04 9.803999999601985538e-01
8.220000000000029583e-04 9.803999999341552751e-01
8.230000000000029826e-04 9.803999993430022597e-01
8.240000000000030069e-04 9.803999999126137288e-01
8.250000000000030313e-04 9.803999998121263326e-01
8.260000000000030556e-04 9.803999997523192844e-01
8.270000000000030799e-04 9.803999996107797266e-01
8.280000000000031042e-04 9.803999997216542583e-01
8.290000000000031285e-04 9.803999999412653654e-01
8.300000000000031528e-04 9.803999998237145075e-01
8.310000000000031771e-04 9.803999998442652908e-01
8.320000000000032014e-04 9.803999997547283574e-01
8.330000000000032257e-04 9.803999998925004844e-01
8.340000000000032500e-04 9.803999998691543816e-01
8.350000000000032743e-04 9.803999993388081702e-01
8.360000000000032986e-04 9.803999990752797489e-01
8.370000000000033229e-04 9.803999992366764227e-01
8.380000000000033472e-04 9.803999998128816173e-01
8.390000000000033716e-04 9.803999995543294377e-01
8.400000000000033959e-04 9.803999995978285309e-01
8.410000000000034202e-04 9.803999998925763126e-01
8.420000000000034445e-04 9.803999997708915393e-01
8.430000000000034688e-04 9.803999995065837414e-01
8.440000000000034931e-04 9.803999992064177382e-01
8.450000000000035174e-04 9.803999987902308755e-01
8.460000000000035417e-04 9.803999997997666638e-01
8.470000000000035660e-04 9.803999995662546763e-01
8.480000000000035903e-04 9.803999994653165295e-01
8.490000000000036146e-04 9.803999996441322695e-01
8.500000000000036389e-04 9.803999992844819600e-01
8.510000000000036632e-04 9.803999989669626158e-01
8.520000000000036875e-04 9.803999994289244180e-01
8.530000000000037119e-04 9.803999999284883637e-01
8.540000000000037362e-04 9.803999995558145830e-01
8.550000000000037605e-04 9.803999994626578784e-01
8.560000000000037848e-04 9.803999997813442890e-01
8.570000000000038091e-04 9.803999993927121626e-01
8.580000000000038334e-04 9.803999995412466806e-01
8.590000000000038577e-04 9.803999996808175910e-01
8.600000000000038820e-04 9.803999995833514447e-01
8.610000000000039063e-04 9.803999993754117792e-01
8.620000000000039306e-04 9.803999994262346807e-01
8.630000000000039549e-04 9.803999996609795708e-01
8.640000000000039792e-04 9.803999996999215316e-01
8.650000000000040035e-04 9.803999998831657292e-01
8.660000000000040278e-04 9.803999994975819421e-01
8.670000000000040521e-04 9.803999995261645228e-01
8.680000000000040765e-04 9.803999991406268100e-01
8.690000000000041008e-04 9.803999996317231957e-01
8.700000000000041251e-04 9.803999997993424476e-01
8.710000000000041494e-04 9.803999995835223080e-01
8.720000000000041737e-04 9.803999996285660545e-01
8.730000000000041980e-04 9.803999999559143141e-01
8.740000000000042223e-04 9.803999998577586084e-01
8.750000000000042466e-04 9.803999998025386686e-01
8.760000000000042709e-04 9.803999997957949519e-01
8.770000000000042952e-04 9.803999998144283801e-01
8.780000000000043195e-04 9.803999998401442539e-01
8.790000000000043438e-04 9.803999997402714772e-01
8.800000000000043681e-04 9.803999996912522441e-01
8.810000000000043924e-04 9.803999996258827565e-01
8.820000000000044168e-04 9.803999998746916189e-01
8.830000000000044411e-04 9.803999996648078419e-01
8.840000000000044654e-04 9.803999999176161717e-01
8.850000000000044897e-04 9.803999996316424825e-01
8.860000000000045140e-04 9.803999990236627049e-01
8.870000000000045383e-04 9.803999998117893799e-01
8.880000000000045626e-04 9.803999997292410784e-01
8.890000000000045869e-04 9.803999993869325635e-01
8.900000000000046112e-04 9.803999997615661099e-01
8.910000000000046355e-04 9.803999996146621765e-01
8.920000000000046598e-04 9.803999996881369583e-01
8.930000000000046841e-04 9.803999996288409458e-01
8.940000000000047084e-04 9.803999995000369783e-01
8.950000000000047327e-04 9.803999995754374419e-01
8.960000000000047570e-04 9.803999996207853895e-01
8.970000000000047814e-04 9.803999996887284851e-01
8.980000000000048057e-04 9.803999997916879039e-01
8.990000000000048300e-04 9.803999992945835462e-01
9.000000000000048543e-04 9.803999996491488123e-01
9.010000000000048786e-04 9.803999996210033263e-01
9.020000000000049029e-04 9.803999996103610615e-01
9.030000000000049272e-04 9.803999996056556032e-01
9.040000000000049515e-04 9.803999997503609620e-01
9.050000000000049758e-04 9.803999996899295244e-01
9.060000000000050001e-04 9.803999990386915719e-01
9.070000000000050244e-04 9.803999996628633973e-01
9.080000000000050487e-04 9.803999995912230370e-01
9.090000000000050730e-04 9.803999990000066278e-01
9.100000000000050973e-04 9.803999993466865348e-01
9.110000000000051217e-04 9.803999995865432249e-01
9.120000000000051460e-04 9.803999996230621239e-01
9.130000000000051703e-04 9.803999997210960382e-01
9.140000000000051946e-04 9.803999995613232876e-01
9.150000000000052189e-04 9.803999998523488246e-01
9.160000000000052432e-04 9.803999995710620530e-01
9.170000000000052675e-04 9.803999996058929689e-01
9.180000000000052918e-04 9.803999993456357087e-01
9.190000000000053161e-04 9.803999994970321596e-01
9.200000000000053404e-04 9.803999996237223735e-01
9.210000000000053647e-04 9.803999997677914635e-01
9.220000000000053890e-04 9.803999992685961118e-01
9.230000000000054133e-04 9.803999997194404736e-01
9.240000000000054376e-04 9.803999991765902644e-01
9.250000000000054620e-04 9.803999998423517104e-01
9.260000000000054863e-04 9.803999998426630169e-01
9.270000000000055106e-04 9.803999998058906540e-01
9.280000000000055349e-04 9.803999998007105754e-01
9.290000000000055592e-04 9.803999998100760838e-01
9.300000000000055835e-04 9.803999997550872925e-01
9.310000000000056078e-04 9.803999996667991379e-01
9.320000000000056321e-04 9.803999998365924284e-01
9.330000000000056564e-04 9.803999998817866102e-01
9.340000000000056807e-04 9.803999997287420332e-01
9.350000000000057050e-04 9.803999998788779369e-01
9.360000000000057293e-04 9.803999997340449024e-01
9.370000000000057536e-04 9.803999996859097399e-01
9.380000000000057779e-04 9.803999996004049144e-01
9.390000000000058022e-04 9.803999998215525702e-01
9.400000000000058266e-04 9.803999999026368206e-01
9.410000000000058509e-04 9.803999998104838687e-01
9.420000000000058752e-04 9.803999998965103879e-01
9.430000000000058995e-04 9.803999997985474169e-01
9.440000000000059238e-04 9.803999996435792674e-01
9.450000000000059481e-04 9.803999998897916512e-01
9.460000000000059724e-04 9.803999999056842718e-01
9.470000000000059967e-04 9.803999998822412465e-01
9.480000000000060210e-04 9.803999999054326953e-01
9.490000000000060453e-04 9.803999999180498248e-01
9.500000000000060696e-04 9.803999998758933243e-01
9.510000000000060939e-04 9.803999999146812971e-01
9.520000000000061182e-04 9.803999999133263810e-01
9.530000000000061425e-04 9.803999998235720659e-01
9.540000000000061669e-04 9.803999997820955770e-01
9.550000000000061912e-04 9.803999998328162269e-01
9.560000000000062155e-04 9.803999998955928996e-01
9.570000000000062398e-04 9.803999998692873863e-01
9.580000000000062641e-04 9.803999999076823402e-01
9.590000000000062884e-04 9.803999999480191851e-01
9.600000000000063127e-04 9.803999998507324509e-01
9.610000000000063370e-04 9.803999999344642502e-01
9.620000000000063613e-04 9.803999997431287472e-01
9.630000000000063856e-04 9.803999999476720184e-01
9.640000000000064099e-04 9.803999999386077135e-01
9.650000000000064342e-04 9.803999998017955964e-01
9.660000000000064585e-04 9.803999997802905764e-01
9.670000000000064828e-04 9.803999998369289370e-01
9.680000000000065071e-04 9.803999999091599360e-01
9.690000000000065315e-04 9.803999999524477538e-01
9.700000000000065558e-04 9.803999999373795848e-01
9.710000000000065801e-04 9.803999999379888752e-01
9.720000000000066044e-04 9.803999999390297093e-01
9.730000000000066287e-04 9.803999999453140157e-01
9.740000000000066530e-04 9.803999999407728705e-01
9.750000000000066773e-04 9.803999998914115777e-01
9.760000000000067016e-04 9.803999998612195066e-01
9.770000000000067259e-04 9.803999999681044519e-01
9.780000000000066418e-04 9.803999999697724510e-01
9.790000000000067745e-04 9.803999999625527817e-01
9.800000000000069073e-04 9.803999999289421119e-01
9.810000000000068231e-04 9.803999999512752472e-01
9.820000000000067390e-04 9.803999999710814039e-01
9.830000000000068718e-04 9.803999999276973298e-01
9.840000000000070045e-04 9.803999999063575110e-01
9.850000000000069204e-04 9.803999999555779166e-01
9.860000000000068363e-04 9.803999999276636901e-01
9.870000000000069690e-04 9.803999999880430583e-01
9.880000000000071017e-04 9.803999999838229895e-01
9.890000000000070176e-04 9.803999999462079673e-01
9.900000000000069335e-04 9.803999999728488790e-01
9.910000000000070662e-04 9.803999999452295278e-01
9.920000000000071989e-04 9.803999999703634227e-01
9.930000000000071148e-04 9.803999999889039252e-01
9.940000000000070307e-04 9.803999999474813931e-01
9.950000000000071634e-04 9.803999999860644188e-01
9.960000000000072962e-04 9.803999999617455385e-01
9.970000000000072121e-04 9.803999999635831797e-01
9.980000000000071279e-04 9.803999999714467783e-01
9.990000000000072607e-04 9.803999999752451844e-01
1.000000000000007393e-03 9.803999999871578774e-01
1.001000000000007309e-03 9.803999999788255426e-01
1.002000000000007225e-03 9.803999999834047685e-01
1.003000000000007358e-03 9.803999999674274379e-01
1.004000000000007491e-03 9.803999999846781943e-01
1.005000000000007407e-03 9.803999999844135171e-01
1.006000000000007322e-03 9.803999999931894971e-01
1.007000000000007455e-03 9.803999999843824309e-01
1.008000000000007588e-03 9.803999999767875062e-01
1.009000000000007504e-03 9.803999999866636061e-01
1.010000000000007420e-03 9.803999999918658892e-01
1.011000000000007552e-03 9.803999999910114616e-01
1.012000000000007685e-03 9.803999999897407003e-01
1.013000000000007601e-03 9.803999999934297493e-01
1.014000000000007517e-03 9.803999999951070743e-01
1.015000000000007650e-03 9.803999999875560034e-01
1.016000000000007782e-03 9.803999999809155375e-01
1.017000000000007698e-03 9.803999999861101600e-01
1.018000000000007614e-03 9.803999999942785148e-01
1.019000000000007747e-03 9.803999999863369785e-01
1.020000000000007880e-03 9.803999999952163202e-01
1.021000000000007795e-03 9.803999999935092413e-01
1.022000000000007711e-03 9.803999999846384483e-01
1.023000000000007844e-03 9.803999999917120123e-01
1.024000000000007977e-03 9.803999999961152678e-01
1.025000000000007893e-03 9.803999999957352385e-01
1.026000000000007809e-03 9.803999999953416644e-01
1.027000000000007941e-03 9.803999999963247669e-01
1.028000000000008074e-03 9.803999999950017141e-01
1.029000000000007990e-03 9.803999999899768447e-01
1.030000000000007906e-03 9.803999999946899635e-01
1.031000000000008038e-03 9.803999999943269206e-01
1.032000000000008171e-03 9.803999999943761035e-01
1.033000000000008087e-03 9.803999999925750997e-01
1.034000000000008003e-03 9.803999999984018832e-01
1.035000000000008136e-03 9.803999999974617463e-01
1.036000000000008268e-03 9.803999999976354962e-01
1.037000000000008184e-03 9.803999999972241586e-01
1.038000000000008100e-03 9.803999999977442981e-01
1.039000000000008233e-03 9.803999999984690517e-01
1.040000000000008366e-03 9.803999999969438273e-01
1.041000000000008282e-03 9.803999999956390932e-01
1.042000000000008197e-03 9.803999999950292477e-01
1.043000000000008330e-03 9.803999999974384316e-01
1.044000000000008463e-03 9.803999999968844303e-01
1.045000000000008379e-03 9.803999999980330671e-01
1.046000000000008295e-03 9.803999999984819302e-01
1.047000000000008427e-03 9.803999999982471181e-01
1.048000000000008560e-03 9.803999999978049162e-01
1.049000000000008476e-03 9.803999999989342351e-01
1.050000000000008392e-03 9.803999999973580515e-01
1.051000000000008525e-03 9.803999999977005553e-01
1.052000000000008657e-03 9.803999999979507995e-01
1.053000000000008573e-03 9.803999999983643576e-01
1.054000000000008489e-03 9.803999999985686387e-01
1.055000000000008622e-03 9.803999999986372504e-01
1.056000000000008755e-03 9.803999999993554537e-01
1.057000000000008670e-03 9.803999999982714320e-01
1.058000000000008586e-03 9.803999999991861447e-01
1.059000000000008719e-03 9.803999999988441960e-01
1.060000000000008852e-03 9.803999999990408165e-01
1.061000000000008768e-03 9.803999999983156188e-01
1.062000000000008684e-03 9.803999999986703351e-01
1.063000000000008816e-03 9.803999999993517900e-01
1.064000000000008949e-03 9.803999999980350655e-01
1.065000000000008865e-03 9.803999999994391645e-01
1.066000000000008781e-03 9.803999999992184522e-01
1.067000000000008914e-03 9.803999999992182302e-01
1.068000000000009046e-03 9.803999999994859049e-01
1.069000000000008962e-03 9.803999999994238435e-01
1.070000000000008878e-03 9.803999999994642556e-01
1.071000000000009011e-03 9.803999999988489700e-01
1.072000000000009143e-03 9.803999999993052716e-01
1.073000000000009059e-03 9.803999999992051295e-01
1.074000000000008975e-03 9.803999999994884584e-01
1.075000000000009108e-03 9.803999999996770853e-01
1.076000000000009241e-03 9.803999999993169290e-01
1.077000000000009157e-03 9.803999999995908210e-01
1.078000000000009072e-03 9.803999999994080783e-01
1.079000000000009205e-03 9.803999999997194958e-01
1.080000000000009338e-03 9.803999999994227332e-01
1.081000000000009254e-03 9.803999999993917580e-01
1.082000000000009170e-03 9.803999999996333425e-01
1.083000000000009302e-03 9.803999999997023984e-01
1.084000000000009435e-03 9.803999999993510128e-01
1.085000000000009351e-03 9.803999999994975623e-01
1.086000000000009267e-03 9.803999999993040504e-01
1.087000000000009400e-03 9.803999999996420023e-01
1.088000000000009532e-03 9.803999999997136117e-01
1.089000000000009448e-03 9.803999999994277292e-01
1.090000000000009364e-03 9.803999999995731685e-01
1.091000000000009497e-03 9.803999999993536774e-01
1.092000000000009630e-03 9.803999999995900438e-01
1.093000000000009546e-03 9.803999999994427172e-01
1.094000000000009461e-03 9.803999999995184345e-01
1.095000000000009594e-03 9.803999999996199088e-01
1.096000000000009727e-03 9.803999999996432235e-01
1.097000000000009643e-03 9.803999999997824455e-01
1.098000000000009559e-03 9.803999999996823034e-01
1.099000000000009691e-03 9.803999999995338666e-01
1.100000000000009824e-03 9.803999999994854608e-01
1.101000000000009740e-03 9.803999999996253489e-01
1.102000000000009656e-03 9.803999999994337244e-01
1.103000000000009789e-03 9.803999999995322012e-01
1.104000000000009921e-03 9.803999999998715964e-01
1.105000000000009837e-03 9.803999999996498849e-01
1.106000000000009753e-03 9.803999999991740433e-01
1.107000000000009886e-03 9.803999999993455727e-01
1.108000000000010019e-03 9.803999999995942627e-01
1.109000000000009934e-03 9.803999999998167514e-01
1.110000000000009850e-03 9.803999999997489168e-01
1.111000000000009983e-03 9.803999999997004000e-01
1.112000000000010116e-03 9.803999999989282399e-01
1.113000000000010032e-03 9.803999999996807491e-01
1.114000000000009948e-03 9.803999999997458081e-01
1.115000000000010080e-03 9.803999999995132164e-01
1.116000000000010213e-03 9.803999999995987036e-01
1.117000000000010129e-03 9.803999999998552761e-01
1.118000000000010045e-03 9.803999999997144998e-01
1.119000000000010177e-03 9.803999999988268765e-01
1.120000000000010310e-03 9.803999999995625103e-01
1.121000000000010226e-03 9.803999999992485392e-01
1.122000000000010142e-03 9.803999999997455861e-01
1.123000000000010275e-03 9.803999999996566572e-01
1.124000000000010407e-03 9.803999999996851900e-01
1.125000000000010323e-03 9.803999999994941206e-01
1.126000000000010239e-03 9.803999999997744519e-01
1.127000000000010372e-03 9.803999999998745940e-01
1.128000000000010505e-03 9.803999999999213344e-01
1.129000000000010421e-03 9.803999999997468073e-01
1.130000000000010336e-03 9.803999999996554360e-01
1.131000000000010469e-03 9.803999999998350701e-01
1.132000000000010602e-03 9.803999999995595127e-01
1.133000000000010518e-03 9.803999999998502801e-01
1.134000000000010434e-03 9.803999999998731507e-01
1.135000000000010566e-03 9.803999999999052362e-01
1.136000000000010699e-03 9.803999999996603210e-01
1.137000000000010615e-03 9.803999999997240478e-01
1.138000000000010531e-03 9.803999999998677106e-01
1.139000000000010664e-03 9.803999999997692338e-01
1.140000000000010796e-03 9.803999999997975445e-01
1.141000000000010712e-03 9.803999999997394799e-01
1.142000000000010628e-03 9.803999999998430637e-01
1.143000000000010761e-03 9.803999999997262682e-01
1.144000000000010894e-03 9.803999999998052051e-01
1.145000000000010809e-03 9.803999999996486636e-01
1.146000000000010725e-03 9.803999999997481396e-01
1.147000000000010858e-03 9.803999999997540238e-01
1.148000000000010991e-03 9.803999999993805448e-01
1.149000000000010907e-03 9.803999999997297099e-01
1.150000000000010823e-03 9.803999999997891068e-01
1.151000000000010955e-03 9.803999999997635717e-01
1.152000000000011088e-03 9.803999999995001158e-01
1.153000000000011004e-03 9.803999999993425751e-01
1.154000000000010920e-03 9.803999999997073944e-01
1.155000000000011053e-03 9.803999999998448400e-01
1.156000000000011185e-03 9.803999999997237147e-01
1.157000000000011101e-03 9.803999999997184966e-01
1.158000000000011017e-03 9.803999999997593529e-01
1.159000000000011150e-03 9.803999999999093440e-01
1.160000000000011283e-03 9.803999999995843817e-01
1.161000000000011198e-03 9.803999999996534376e-01
1.162000000000011114e-03 9.803999999996765302e-01
1.163000000000011247e-03 9.803999999994421621e-01
1.164000000000011380e-03 9.803999999996753090e-01
1.165000000000011296e-03 9.803999999996875214e-01
1.166000000000011212e-03 9.803999999997411452e-01
1.167000000000011344e-03 9.803999999996484416e-01
1.168000000000011477e-03 9.803999999997724535e-01
1.169000000000011393e-03 9.803999999995605119e-01
1.170000000000011309e-03 9.803999999998276316e-01
1.171000000000011441e-03 9.803999999997301540e-01
1.172000000000011574e-03 9.803999999998300741e-01
1.173000000000011490e-03 9.803999999998304071e-01
1.174000000000011406e-03 9.803999999996425574e-01
1.175000000000011539e-03 9.803999999997013992e-01
1.176000000000011671e-03 9.803999999996472203e-01
1.177000000000011587e-03 9.803999999996353409e-01
1.178000000000011503e-03 9.803999999998457282e-01
1.179000000000011636e-03 9.803999999998408432e-01
1.180000000000011769e-03 9.803999999998713744e-01
1.181000000000011685e-03 9.803999999994975623e-01
1.182000000000011600e-03 9.803999999998308512e-01
1.183000000000011733e-03 9.803999999996333425e-01
1.184000000000011866e-03 9.803999999997603521e-01
1.185000000000011782e-03 9.803999999996996229e-01
1.186000000000011698e-03 9.803999999995831605e-01
1.187000000000011830e-03 9.803999999998739279e-01
1.188000000000011963e-03 9.803999999997961012e-01
1.189000000000011879e-03 9.803999999996949599e-01
1.190000000000011795e-03 9.803999999997667913e-01
1.191000000000011928e-03 9.803999999998637138e-01
1.192000000000012060e-03 9.803999999998191939e-01
1.193000000000011976e-03 9.803999999998176396e-01
1.194000000000011892e-03 9.803999999999079007e-01
1.195000000000012025e-03 9.803999999998895820e-01
1.196000000000012158e-03 9.803999999999071235e-01
1.197000000000012073e-03 9.803999999997696779e-01
1.198000000000011989e-03 9.803999999999039039e-01
1.199000000000012122e-03 9.803999999998442849e-01
